101 117 0
102 117 0
100 118 0
103 118 0
104 118 0
105 118 0
106 118 0
99 119 0
107 119 0
108 119 0
109 119 0
110 119 0
97 120 0
98 120 0
111 120 0
112 120 0
113 120 0
114 120 0
115 120 0
116 120 0
117 120 0
120 120 0
96 121 0
118 121 0
119 121 0
120 121 0
94 122 0
95 122 0
121 122 0
93 123 0
122 123 0
90 124 0
91 124 0
92 124 0
123 124 0
127 124 0
89 125 0
124 125 0
125 125 0
126 125 0
127 125 0
88 126 0
128 126 0
87 127 0
129 127 0
86 128 0
130 128 0
85 129 0
130 129 0
84 130 0
131 130 0
83 131 0
84 131 0
131 131 0
82 132 0
132 132 0
82 133 0
132 133 0
81 134 0
132 134 0
80 135 0
133 135 0
80 136 0
133 136 0
79 137 0
133 137 0
78 138 0
134 138 0
78 139 0
134 139 0
77 140 0
134 140 0
77 141 0
134 141 0
76 142 0
135 142 0
76 143 0
134 143 0
77 144 0
134 144 0
135 144 0
77 145 0
134 145 0
77 146 0
133 146 0
77 147 0
132 147 0
77 148 0
132 148 0
77 149 0
132 149 0
133 149 0
77 150 0
134 150 0
135 150 0
78 151 0
135 151 0
78 152 0
135 152 0
79 153 0
136 153 0
79 154 0
136 154 0
80 155 0
136 155 0
80 156 0
136 156 0
80 157 0
136 157 0
80 158 0
136 158 0
81 159 0
136 159 0
81 160 0
136 160 0
82 161 0
137 161 0
83 162 0
136 162 0
83 163 0
136 163 0
84 164 0
136 164 0
84 165 0
136 165 0
84 166 0
136 166 0
84 167 0
135 167 0
84 168 0
134 168 0
85 169 0
131 169 0
132 169 0
133 169 0
85 170 0
129 170 0
130 170 0
131 170 0
86 171 0
87 171 0
128 171 0
129 171 0
88 172 0
124 172 0
125 172 0
126 172 0
127 172 0
89 173 0
123 173 0
90 174 0
111 174 0
112 174 0
113 174 0
122 174 0
91 175 0
111 175 0
114 175 0
121 175 0
92 176 0
93 176 0
94 176 0
95 176 0
110 176 0
115 176 0
120 176 0
95 177 0
96 177 0
97 177 0
98 177 0
109 177 0
116 177 0
120 177 0
99 178 0
100 178 0
101 178 0
108 178 0
117 178 0
118 178 0
119 178 0
102 179 0
107 179 0
103 180 0
106 180 0
104 181 0
105 181 0
101 117 1
102 117 1
100 118 1
103 118 1
104 118 1
99 119 1
105 119 1
106 119 1
107 119 1
108 119 1
109 119 1
98 120 1
110 120 1
111 120 1
112 120 1
119 120 1
120 120 1
97 121 1
113 121 1
114 121 1
115 121 1
116 121 1
117 121 1
118 121 1
120 121 1
95 122 1
96 122 1
121 122 1
93 123 1
94 123 1
122 123 1
92 124 1
122 124 1
90 125 1
91 125 1
123 125 1
125 125 1
126 125 1
127 125 1
88 126 1
89 126 1
124 126 1
128 126 1
88 127 1
128 127 1
87 128 1
129 128 1
86 129 1
129 129 1
85 130 1
130 130 1
84 131 1
131 131 1
83 132 1
131 132 1
83 133 1
132 133 1
82 134 1
133 134 1
81 135 1
133 135 1
80 136 1
133 136 1
79 137 1
133 137 1
78 138 1
133 138 1
78 139 1
134 139 1
77 140 1
133 140 1
77 141 1
134 141 1
76 142 1
134 142 1
76 143 1
134 143 1
77 144 1
135 144 1
77 145 1
134 145 1
135 145 1
76 146 1
133 146 1
76 147 1
131 147 1
132 147 1
77 148 1
132 148 1
77 149 1
132 149 1
133 149 1
77 150 1
134 150 1
135 150 1
77 151 1
135 151 1
77 152 1
135 152 1
78 153 1
135 153 1
79 154 1
136 154 1
79 155 1
136 155 1
80 156 1
136 156 1
80 157 1
136 157 1
80 158 1
136 158 1
80 159 1
136 159 1
81 160 1
136 160 1
82 161 1
136 161 1
83 162 1
136 162 1
83 163 1
135 163 1
84 164 1
135 164 1
84 165 1
135 165 1
84 166 1
135 166 1
84 167 1
134 167 1
85 168 1
131 168 1
132 168 1
133 168 1
85 169 1
129 169 1
130 169 1
85 170 1
127 170 1
128 170 1
86 171 1
87 171 1
127 171 1
88 172 1
125 172 1
126 172 1
89 173 1
113 173 1
124 173 1
90 174 1
91 174 1
110 174 1
111 174 1
112 174 1
114 174 1
121 174 1
122 174 1
123 174 1
92 175 1
93 175 1
94 175 1
95 175 1
110 175 1
115 175 1
120 175 1
96 176 1
109 176 1
116 176 1
120 176 1
97 177 1
98 177 1
109 177 1
117 177 1
120 177 1
99 178 1
100 178 1
101 178 1
108 178 1
118 178 1
119 178 1
102 179 1
107 179 1
103 180 1
106 180 1
104 181 1
105 181 1
101 118 2
102 118 2
103 118 2
100 119 2
104 119 2
105 119 2
99 120 2
106 120 2
107 120 2
108 120 2
109 120 2
110 120 2
118 120 2
119 120 2
98 121 2
111 121 2
112 121 2
113 121 2
114 121 2
117 121 2
118 121 2
120 121 2
96 122 2
97 122 2
115 122 2
116 122 2
117 122 2
121 122 2
95 123 2
122 123 2
93 124 2
94 124 2
123 124 2
92 125 2
123 125 2
125 125 2
126 125 2
127 125 2
90 126 2
91 126 2
124 126 2
128 126 2
89 127 2
128 127 2
87 128 2
88 128 2
128 128 2
86 129 2
129 129 2
86 130 2
130 130 2
85 131 2
130 131 2
84 132 2
131 132 2
83 133 2
132 133 2
82 134 2
132 134 2
81 135 2
132 135 2
81 136 2
132 136 2
80 137 2
132 137 2
79 138 2
133 138 2
78 139 2
133 139 2
78 140 2
133 140 2
77 141 2
133 141 2
77 142 2
133 142 2
76 143 2
133 143 2
76 144 2
134 144 2
76 145 2
134 145 2
76 146 2
133 146 2
76 147 2
132 147 2
77 148 2
131 148 2
77 149 2
132 149 2
133 149 2
76 150 2
134 150 2
77 151 2
135 151 2
77 152 2
135 152 2
77 153 2
135 153 2
78 154 2
136 154 2
78 155 2
136 155 2
79 156 2
136 156 2
79 157 2
136 157 2
79 158 2
137 158 2
80 159 2
137 159 2
81 160 2
136 160 2
81 161 2
136 161 2
82 162 2
135 162 2
83 163 2
84 163 2
135 163 2
84 164 2
134 164 2
84 165 2
134 165 2
84 166 2
134 166 2
85 167 2
131 167 2
132 167 2
133 167 2
86 168 2
129 168 2
130 168 2
86 169 2
127 169 2
128 169 2
86 170 2
127 170 2
87 171 2
127 171 2
87 172 2
126 172 2
88 173 2
89 173 2
90 173 2
111 173 2
112 173 2
113 173 2
114 173 2
121 173 2
122 173 2
124 173 2
125 173 2
91 174 2
92 174 2
93 174 2
94 174 2
95 174 2
96 174 2
109 174 2
110 174 2
115 174 2
120 174 2
123 174 2
95 175 2
109 175 2
116 175 2
119 175 2
96 176 2
108 176 2
117 176 2
118 176 2
119 176 2
97 177 2
98 177 2
99 177 2
108 177 2
118 177 2
119 177 2
100 178 2
101 178 2
108 178 2
102 179 2
107 179 2
103 180 2
106 180 2
104 181 2
105 181 2
101 119 3
102 119 3
103 119 3
104 119 3
100 120 3
105 120 3
106 120 3
120 120 3
99 121 3
107 121 3
108 121 3
109 121 3
110 121 3
111 121 3
114 121 3
119 121 3
120 121 3
97 122 3
98 122 3
112 122 3
113 122 3
114 122 3
115 122 3
117 122 3
118 122 3
121 122 3
95 123 3
96 123 3
97 123 3
115 123 3
116 123 3
117 123 3
122 123 3
93 124 3
94 124 3
95 124 3
122 124 3
92 125 3
93 125 3
123 125 3
125 125 3
88 126 3
90 126 3
91 126 3
92 126 3
124 126 3
126 126 3
127 126 3
128 126 3
89 127 3
90 127 3
127 127 3
128 127 3
88 128 3
89 128 3
129 128 3
87 129 3
88 129 3
129 129 3
86 130 3
87 130 3
130 130 3
85 131 3
86 131 3
131 131 3
84 132 3
85 132 3
132 132 3
83 133 3
132 133 3
133 133 3
82 134 3
133 134 3
81 135 3
133 135 3
81 136 3
132 136 3
80 137 3
133 137 3
79 138 3
133 138 3
78 139 3
133 139 3
78 140 3
133 140 3
78 141 3
133 141 3
77 142 3
133 142 3
77 143 3
134 143 3
77 144 3
134 144 3
77 145 3
133 145 3
77 146 3
133 146 3
77 147 3
131 147 3
132 147 3
77 148 3
132 148 3
77 149 3
132 149 3
133 149 3
77 150 3
134 150 3
77 151 3
135 151 3
77 152 3
135 152 3
78 153 3
135 153 3
79 154 3
136 154 3
79 155 3
136 155 3
80 156 3
136 156 3
80 157 3
136 157 3
80 158 3
137 158 3
80 159 3
136 159 3
81 160 3
137 160 3
82 161 3
136 161 3
83 162 3
135 162 3
83 163 3
134 163 3
135 163 3
84 164 3
134 164 3
84 165 3
133 165 3
84 166 3
130 166 3
131 166 3
132 166 3
133 166 3
84 167 3
129 167 3
130 167 3
85 168 3
126 168 3
127 168 3
128 168 3
85 169 3
126 169 3
86 170 3
126 170 3
87 171 3
126 171 3
88 172 3
89 172 3
121 172 3
122 172 3
125 172 3
90 173 3
91 173 3
92 173 3
93 173 3
94 173 3
95 173 3
96 173 3
111 173 3
112 173 3
113 173 3
120 173 3
123 173 3
124 173 3
96 174 3
97 174 3
109 174 3
110 174 3
114 174 3
115 174 3
116 174 3
117 174 3
118 174 3
119 174 3
96 175 3
108 175 3
116 175 3
118 175 3
97 176 3
107 176 3
117 176 3
118 176 3
98 177 3
107 177 3
99 178 3
107 178 3
100 179 3
101 179 3
107 179 3
102 180 3
105 180 3
106 180 3
103 181 3
104 181 3
103 182 3
100 119 4
101 119 4
102 119 4
103 119 4
104 119 4
99 120 4
105 120 4
106 120 4
107 120 4
113 120 4
114 120 4
97 121 4
98 121 4
108 121 4
109 121 4
110 121 4
111 121 4
112 121 4
113 121 4
115 121 4
120 121 4
95 122 4
96 122 4
116 122 4
119 122 4
121 122 4
93 123 4
94 123 4
116 123 4
118 123 4
122 123 4
92 124 4
116 124 4
117 124 4
121 124 4
122 124 4
88 125 4
90 125 4
91 125 4
123 125 4
87 126 4
89 126 4
123 126 4
124 126 4
125 126 4
88 127 4
124 127 4
125 127 4
126 127 4
87 128 4
127 128 4
128 128 4
86 129 4
129 129 4
85 130 4
129 130 4
84 131 4
129 131 4
130 131 4
83 132 4
84 132 4
130 132 4
131 132 4
82 133 4
131 133 4
82 134 4
132 134 4
81 135 4
132 135 4
81 136 4
132 136 4
80 137 4
132 137 4
79 138 4
133 138 4
79 139 4
133 139 4
79 140 4
133 140 4
78 141 4
133 141 4
78 142 4
133 142 4
77 143 4
133 143 4
76 144 4
133 144 4
76 145 4
133 145 4
76 146 4
132 146 4
133 146 4
76 147 4
132 147 4
76 148 4
77 148 4
132 148 4
77 149 4
132 149 4
133 149 4
77 150 4
133 150 4
77 151 4
134 151 4
77 152 4
135 152 4
78 153 4
135 153 4
79 154 4
136 154 4
79 155 4
136 155 4
79 156 4
136 156 4
80 157 4
136 157 4
80 158 4
137 158 4
81 159 4
137 159 4
81 160 4
137 160 4
82 161 4
136 161 4
83 162 4
135 162 4
83 163 4
135 163 4
84 164 4
134 164 4
84 165 4
132 165 4
133 165 4
134 165 4
84 166 4
131 166 4
132 166 4
84 167 4
127 167 4
128 167 4
129 167 4
130 167 4
84 168 4
126 168 4
127 168 4
128 168 4
85 169 4
86 169 4
125 169 4
126 169 4
86 170 4
125 170 4
87 171 4
88 171 4
120 171 4
121 171 4
122 171 4
124 171 4
125 171 4
89 172 4
111 172 4
119 172 4
120 172 4
123 172 4
124 172 4
90 173 4
94 173 4
95 173 4
109 173 4
110 173 4
112 173 4
118 173 4
119 173 4
91 174 4
92 174 4
93 174 4
94 174 4
95 174 4
107 174 4
108 174 4
113 174 4
117 174 4
96 175 4
107 175 4
114 175 4
115 175 4
116 175 4
117 175 4
97 176 4
106 176 4
97 177 4
98 177 4
106 177 4
98 178 4
106 178 4
99 179 4
100 179 4
106 179 4
101 180 4
105 180 4
102 181 4
103 181 4
104 181 4
99 119 5
100 119 5
101 119 5
102 119 5
103 119 5
104 119 5
105 119 5
113 119 5
114 119 5
97 120 5
98 120 5
106 120 5
107 120 5
108 120 5
109 120 5
112 120 5
114 120 5
95 121 5
96 121 5
110 121 5
111 121 5
112 121 5
115 121 5
93 122 5
94 122 5
116 122 5
120 122 5
92 123 5
116 123 5
119 123 5
120 123 5
121 123 5
88 124 5
90 124 5
91 124 5
116 124 5
118 124 5
119 124 5
120 124 5
121 124 5
87 125 5
89 125 5
116 125 5
117 125 5
118 125 5
119 125 5
120 125 5
121 125 5
122 125 5
86 126 5
117 126 5
118 126 5
119 126 5
122 126 5
123 126 5
87 127 5
123 127 5
86 128 5
124 128 5
125 128 5
126 128 5
85 129 5
125 129 5
126 129 5
127 129 5
128 129 5
84 130 5
126 130 5
127 130 5
128 130 5
82 131 5
83 131 5
127 131 5
128 131 5
82 132 5
128 132 5
129 132 5
80 133 5
81 133 5
129 133 5
130 133 5
79 134 5
80 134 5
81 134 5
129 134 5
130 134 5
131 134 5
79 135 5
80 135 5
128 135 5
129 135 5
130 135 5
131 135 5
79 136 5
80 136 5
129 136 5
130 136 5
131 136 5
79 137 5
129 137 5
130 137 5
131 137 5
79 138 5
129 138 5
130 138 5
131 138 5
132 138 5
79 139 5
131 139 5
132 139 5
79 140 5
132 140 5
78 141 5
130 141 5
131 141 5
132 141 5
77 142 5
130 142 5
131 142 5
132 142 5
76 143 5
130 143 5
131 143 5
132 143 5
76 144 5
130 144 5
131 144 5
132 144 5
75 145 5
130 145 5
131 145 5
132 145 5
75 146 5
130 146 5
131 146 5
75 147 5
131 147 5
75 148 5
131 148 5
76 149 5
131 149 5
76 150 5
131 150 5
132 150 5
76 151 5
132 151 5
133 151 5
76 152 5
77 152 5
133 152 5
134 152 5
76 153 5
77 153 5
78 153 5
133 153 5
134 153 5
79 154 5
134 154 5
135 154 5
79 155 5
136 155 5
79 156 5
137 156 5
80 157 5
81 157 5
137 157 5
81 158 5
138 158 5
81 159 5
138 159 5
81 160 5
137 160 5
82 161 5
137 161 5
83 162 5
136 162 5
83 163 5
136 163 5
84 164 5
135 164 5
84 165 5
135 165 5
84 166 5
133 166 5
134 166 5
84 167 5
131 167 5
132 167 5
85 168 5
128 168 5
129 168 5
130 168 5
85 169 5
122 169 5
123 169 5
126 169 5
127 169 5
86 170 5
121 170 5
122 170 5
123 170 5
124 170 5
125 170 5
126 170 5
87 171 5
120 171 5
121 171 5
122 171 5
123 171 5
125 171 5
88 172 5
109 172 5
110 172 5
119 172 5
89 173 5
105 173 5
106 173 5
107 173 5
108 173 5
111 173 5
118 173 5
89 174 5
90 174 5
91 174 5
92 174 5
93 174 5
94 174 5
106 174 5
112 174 5
117 174 5
94 175 5
95 175 5
105 175 5
106 175 5
113 175 5
117 175 5
96 176 5
105 176 5
114 176 5
115 176 5
116 176 5
96 177 5
97 177 5
105 177 5
97 178 5
105 178 5
98 179 5
99 179 5
100 179 5
105 179 5
101 180 5
102 180 5
104 180 5
103 181 5
95 118 6
96 118 6
97 118 6
98 118 6
99 118 6
94 119 6
95 119 6
96 119 6
97 119 6
98 119 6
100 119 6
101 119 6
102 119 6
103 119 6
104 119 6
105 119 6
112 119 6
113 119 6
114 119 6
93 120 6
94 120 6
95 120 6
96 120 6
106 120 6
107 120 6
108 120 6
109 120 6
111 120 6
115 120 6
92 121 6
93 121 6
94 121 6
110 121 6
111 121 6
115 121 6
90 122 6
91 122 6
92 122 6
116 122 6
88 123 6
89 123 6
90 123 6
91 123 6
116 123 6
87 124 6
88 124 6
89 124 6
116 124 6
86 125 6
87 125 6
116 125 6
120 125 6
121 125 6
85 126 6
86 126 6
117 126 6
118 126 6
119 126 6
121 126 6
85 127 6
86 127 6
122 127 6
84 128 6
85 128 6
123 128 6
82 129 6
83 129 6
84 129 6
124 129 6
81 130 6
82 130 6
83 130 6
125 130 6
80 131 6
81 131 6
126 131 6
79 132 6
80 132 6
81 132 6
127 132 6
78 133 6
79 133 6
127 133 6
128 133 6
78 134 6
128 134 6
77 135 6
78 135 6
127 135 6
76 136 6
77 136 6
78 136 6
128 136 6
78 137 6
128 137 6
78 138 6
128 138 6
78 139 6
129 139 6
130 139 6
78 140 6
129 140 6
130 140 6
131 140 6
77 141 6
129 141 6
76 142 6
129 142 6
75 143 6
128 143 6
129 143 6
73 144 6
74 144 6
75 144 6
128 144 6
129 144 6
73 145 6
74 145 6
128 145 6
129 145 6
73 146 6
74 146 6
128 146 6
129 146 6
74 147 6
129 147 6
130 147 6
74 148 6
130 148 6
74 149 6
75 149 6
130 149 6
74 150 6
75 150 6
130 150 6
74 151 6
75 151 6
131 151 6
132 151 6
74 152 6
75 152 6
131 152 6
132 152 6
133 152 6
74 153 6
75 153 6
132 153 6
75 154 6
76 154 6
77 154 6
78 154 6
133 154 6
134 154 6
135 154 6
75 155 6
76 155 6
77 155 6
78 155 6
134 155 6
135 155 6
78 156 6
136 156 6
79 157 6
137 157 6
80 158 6
137 158 6
80 159 6
138 159 6
79 160 6
80 160 6
137 160 6
80 161 6
81 161 6
137 161 6
80 162 6
81 162 6
82 162 6
136 162 6
81 163 6
82 163 6
136 163 6
82 164 6
83 164 6
136 164 6
82 165 6
83 165 6
84 165 6
135 165 6
83 166 6
84 166 6
134 166 6
83 167 6
84 167 6
133 167 6
84 168 6
129 168 6
130 168 6
131 168 6
132 168 6
84 169 6
122 169 6
123 169 6
127 169 6
128 169 6
85 170 6
121 170 6
124 170 6
126 170 6
85 171 6
86 171 6
110 171 6
111 171 6
120 171 6
125 171 6
126 171 6
86 172 6
87 172 6
105 172 6
106 172 6
107 172 6
108 172 6
109 172 6
111 172 6
119 172 6
87 173 6
88 173 6
89 173 6
90 173 6
91 173 6
92 173 6
93 173 6
94 173 6
104 173 6
111 173 6
118 173 6
88 174 6
94 174 6
105 174 6
111 174 6
117 174 6
95 175 6
104 175 6
112 175 6
117 175 6
95 176 6
96 176 6
104 176 6
113 176 6
116 176 6
97 177 6
104 177 6
114 177 6
115 177 6
98 178 6
103 178 6
104 178 6
99 179 6
102 179 6
103 179 6
104 179 6
100 180 6
101 180 6
103 180 6
95 118 7
96 118 7
97 118 7
94 119 7
98 119 7
99 119 7
100 119 7
101 119 7
113 119 7
93 120 7
102 120 7
103 120 7
104 120 7
105 120 7
111 120 7
112 120 7
114 120 7
92 121 7
106 121 7
107 121 7
108 121 7
109 121 7
110 121 7
115 121 7
91 122 7
115 122 7
89 123 7
90 123 7
116 123 7
88 124 7
116 124 7
87 125 7
117 125 7
85 126 7
86 126 7
117 126 7
118 126 7
119 126 7
120 126 7
121 126 7
85 127 7
121 127 7
84 128 7
122 128 7
82 129 7
83 129 7
123 129 7
81 130 7
124 130 7
80 131 7
81 131 7
125 131 7
80 132 7
126 132 7
79 133 7
126 133 7
78 134 7
127 134 7
128 134 7
76 135 7
77 135 7
127 135 7
76 136 7
127 136 7
76 137 7
77 137 7
127 137 7
76 138 7
77 138 7
127 138 7
128 138 7
76 139 7
77 139 7
127 139 7
128 139 7
77 140 7
128 140 7
76 141 7
128 141 7
75 142 7
128 142 7
73 143 7
74 143 7
127 143 7
73 144 7
127 144 7
73 145 7
127 145 7
73 146 7
127 146 7
73 147 7
128 147 7
73 148 7
129 148 7
73 149 7
129 149 7
74 150 7
129 150 7
75 151 7
129 151 7
130 151 7
75 152 7
130 152 7
132 152 7
74 153 7
130 153 7
131 153 7
74 154 7
132 154 7
133 154 7
75 155 7
134 155 7
76 156 7
77 156 7
135 156 7
78 157 7
136 157 7
79 158 7
137 158 7
79 159 7
138 159 7
79 160 7
138 160 7
80 161 7
137 161 7
80 162 7
137 162 7
81 163 7
136 163 7
81 164 7
136 164 7
82 165 7
136 165 7
82 166 7
135 166 7
83 167 7
134 167 7
135 167 7
83 168 7
122 168 7
133 168 7
84 169 7
121 169 7
123 169 7
129 169 7
130 169 7
131 169 7
132 169 7
84 170 7
121 170 7
124 170 7
127 170 7
128 170 7
129 170 7
131 170 7
132 170 7
85 171 7
120 171 7
125 171 7
126 171 7
127 171 7
86 172 7
89 172 7
90 172 7
91 172 7
92 172 7
106 172 7
107 172 7
108 172 7
109 172 7
110 172 7
111 172 7
112 172 7
119 172 7
87 173 7
88 173 7
93 173 7
94 173 7
104 173 7
105 173 7
112 173 7
118 173 7
95 174 7
104 174 7
112 174 7
116 174 7
117 174 7
96 175 7
103 175 7
113 175 7
116 175 7
97 176 7
103 176 7
114 176 7
115 176 7
98 177 7
103 177 7
99 178 7
103 178 7
100 179 7
101 179 7
102 179 7
95 119 8
96 119 8
97 119 8
98 119 8
113 119 8
114 119 8
94 120 8
99 120 8
100 120 8
101 120 8
102 120 8
103 120 8
110 120 8
111 120 8
112 120 8
115 120 8
93 121 8
104 121 8
105 121 8
106 121 8
107 121 8
109 121 8
115 121 8
91 122 8
92 122 8
108 122 8
109 122 8
116 122 8
90 123 8
116 123 8
89 124 8
116 124 8
88 125 8
116 125 8
86 126 8
87 126 8
117 126 8
118 126 8
119 126 8
120 126 8
121 126 8
85 127 8
122 127 8
84 128 8
123 128 8
83 129 8
123 129 8
82 130 8
124 130 8
81 131 8
82 131 8
124 131 8
125 131 8
79 132 8
80 132 8
81 132 8
125 132 8
78 133 8
125 133 8
78 134 8
126 134 8
77 135 8
127 135 8
76 136 8
127 136 8
76 137 8
128 137 8
76 138 8
128 138 8
76 139 8
128 139 8
76 140 8
128 140 8
75 141 8
76 141 8
128 141 8
74 142 8
75 142 8
128 142 8
73 143 8
74 143 8
127 143 8
73 144 8
127 144 8
73 145 8
127 145 8
73 146 8
128 146 8
73 147 8
128 147 8
73 148 8
128 148 8
74 149 8
128 149 8
74 150 8
129 150 8
74 151 8
129 151 8
74 152 8
130 152 8
74 153 8
130 153 8
74 154 8
131 154 8
132 154 8
133 154 8
75 155 8
133 155 8
134 155 8
76 156 8
77 156 8
135 156 8
77 157 8
78 157 8
136 157 8
78 158 8
137 158 8
78 159 8
138 159 8
79 160 8
137 160 8
79 161 8
137 161 8
80 162 8
137 162 8
81 163 8
136 163 8
81 164 8
82 164 8
136 164 8
82 165 8
135 165 8
81 166 8
82 166 8
135 166 8
82 167 8
135 167 8
83 168 8
133 168 8
134 168 8
84 169 8
122 169 8
123 169 8
130 169 8
131 169 8
132 169 8
85 170 8
121 170 8
124 170 8
128 170 8
129 170 8
132 170 8
86 171 8
89 171 8
120 171 8
125 171 8
127 171 8
128 171 8
87 172 8
88 172 8
90 172 8
91 172 8
92 172 8
119 172 8
126 172 8
92 173 8
93 173 8
106 173 8
107 173 8
108 173 8
109 173 8
110 173 8
111 173 8
112 173 8
118 173 8
93 174 8
94 174 8
104 174 8
105 174 8
111 174 8
112 174 8
117 174 8
94 175 8
95 175 8
103 175 8
111 175 8
112 175 8
113 175 8
114 175 8
115 175 8
116 175 8
117 175 8
94 176 8
95 176 8
96 176 8
102 176 8
111 176 8
112 176 8
113 176 8
94 177 8
97 177 8
102 177 8
98 178 8
100 178 8
101 178 8
102 178 8
99 179 8
94 119 9
95 119 9
96 119 9
97 119 9
98 119 9
113 119 9
93 120 9
99 120 9
100 120 9
101 120 9
102 120 9
103 120 9
112 120 9
114 120 9
91 121 9
92 121 9
104 121 9
105 121 9
106 121 9
107 121 9
110 121 9
111 121 9
112 121 9
115 121 9
90 122 9
108 122 9
109 122 9
110 122 9
111 122 9
112 122 9
115 122 9
89 123 9
112 123 9
115 123 9
116 123 9
88 124 9
116 124 9
86 125 9
87 125 9
116 125 9
86 126 9
87 126 9
117 126 9
118 126 9
119 126 9
120 126 9
121 126 9
85 127 9
121 127 9
84 128 9
122 128 9
82 129 9
83 129 9
123 129 9
81 130 9
124 130 9
80 131 9
124 131 9
80 132 9
125 132 9
79 133 9
125 133 9
78 134 9
126 134 9
77 135 9
127 135 9
76 136 9
127 136 9
76 137 9
77 137 9
127 137 9
75 138 9
128 138 9
76 139 9
128 139 9
75 140 9
76 140 9
128 140 9
75 141 9
128 141 9
75 142 9
128 142 9
74 143 9
127 143 9
73 144 9
127 144 9
73 145 9
127 145 9
73 146 9
128 146 9
73 147 9
128 147 9
74 148 9
128 148 9
74 149 9
128 149 9
74 150 9
129 150 9
75 151 9
129 151 9
75 152 9
129 152 9
74 153 9
129 153 9
75 154 9
130 154 9
132 154 9
76 155 9
131 155 9
133 155 9
134 155 9
76 156 9
135 156 9
77 157 9
136 157 9
77 158 9
78 158 9
137 158 9
138 158 9
78 159 9
138 159 9
78 160 9
79 160 9
137 160 9
80 161 9
137 161 9
80 162 9
137 162 9
81 163 9
136 163 9
82 164 9
136 164 9
81 165 9
135 165 9
82 166 9
135 166 9
83 167 9
135 167 9
83 168 9
84 168 9
133 168 9
134 168 9
84 169 9
85 169 9
123 169 9
129 169 9
130 169 9
132 169 9
86 170 9
89 170 9
121 170 9
122 170 9
124 170 9
125 170 9
126 170 9
127 170 9
128 170 9
131 170 9
132 170 9
87 171 9
88 171 9
90 171 9
91 171 9
120 171 9
126 171 9
127 171 9
92 172 9
118 172 9
119 172 9
92 173 9
118 173 9
91 174 9
92 174 9
106 174 9
107 174 9
108 174 9
109 174 9
110 174 9
116 174 9
117 174 9
93 175 9
104 175 9
105 175 9
110 175 9
115 175 9
116 175 9
93 176 9
103 176 9
110 176 9
114 176 9
93 177 9
95 177 9
96 177 9
102 177 9
111 177 9
112 177 9
113 177 9
94 178 9
97 178 9
101 178 9
98 179 9
99 179 9
100 179 9
94 118 10
93 119 10
95 119 10
96 119 10
97 119 10
91 120 10
92 120 10
98 120 10
99 120 10
100 120 10
101 120 10
102 120 10
103 120 10
113 120 10
90 121 10
104 121 10
105 121 10
106 121 10
107 121 10
113 121 10
114 121 10
89 122 10
108 122 10
109 122 10
110 122 10
111 122 10
113 122 10
114 122 10
88 123 10
111 123 10
113 123 10
114 123 10
87 124 10
112 124 10
113 124 10
114 124 10
115 124 10
116 124 10
86 125 10
113 125 10
114 125 10
115 125 10
116 125 10
117 125 10
118 125 10
85 126 10
114 126 10
115 126 10
119 126 10
84 127 10
120 127 10
121 127 10
122 127 10
82 128 10
83 128 10
122 128 10
81 129 10
82 129 10
123 129 10
80 130 10
124 130 10
79 131 10
124 131 10
79 132 10
125 132 10
78 133 10
125 133 10
76 134 10
77 134 10
78 134 10
126 134 10
76 135 10
126 135 10
75 136 10
126 136 10
127 136 10
74 137 10
75 137 10
127 137 10
73 138 10
74 138 10
127 138 10
73 139 10
75 139 10
125 139 10
126 139 10
127 139 10
73 140 10
74 140 10
124 140 10
125 140 10
126 140 10
127 140 10
128 140 10
75 141 10
126 141 10
127 141 10
74 142 10
125 142 10
126 142 10
127 142 10
73 143 10
125 143 10
126 143 10
73 144 10
126 144 10
72 145 10
126 145 10
72 146 10
127 146 10
73 147 10
126 147 10
127 147 10
74 148 10
127 148 10
75 149 10
128 149 10
75 150 10
128 150 10
76 151 10
128 151 10
75 152 10
129 152 10
74 153 10
130 153 10
74 154 10
130 154 10
133 154 10
75 155 10
131 155 10
132 155 10
133 155 10
134 155 10
75 156 10
135 156 10
76 157 10
136 157 10
76 158 10
77 158 10
137 158 10
138 158 10
77 159 10
138 159 10
78 160 10
79 160 10
137 160 10
80 161 10
137 161 10
80 162 10
137 162 10
81 163 10
136 163 10
82 164 10
136 164 10
82 165 10
135 165 10
83 166 10
84 166 10
135 166 10
84 167 10
135 167 10
85 168 10
133 168 10
134 168 10
86 169 10
126 169 10
130 169 10
132 169 10
87 170 10
123 170 10
125 170 10
127 170 10
128 170 10
129 170 10
131 170 10
132 170 10
88 171 10
89 171 10
90 171 10
91 171 10
121 171 10
122 171 10
123 171 10
124 171 10
125 171 10
92 172 10
119 172 10
120 172 10
121 172 10
122 172 10
124 172 10
92 173 10
118 173 10
119 173 10
91 174 10
117 174 10
91 175 10
92 175 10
105 175 10
106 175 10
107 175 10
108 175 10
109 175 10
116 175 10
91 176 10
92 176 10
104 176 10
109 176 10
115 176 10
91 177 10
92 177 10
103 177 10
110 177 10
114 177 10
92 178 10
93 178 10
95 178 10
96 178 10
102 178 10
111 178 10
112 178 10
113 178 10
93 179 10
94 179 10
95 179 10
96 179 10
97 179 10
101 179 10
97 180 10
98 180 10
99 180 10
100 180 10
98 181 10
93 118 11
94 118 11
92 119 11
95 119 11
96 119 11
91 120 11
97 120 11
98 120 11
99 120 11
100 120 11
101 120 11
102 120 11
90 121 11
103 121 11
104 121 11
105 121 11
106 121 11
107 121 11
89 122 11
108 122 11
109 122 11
110 122 11
111 122 11
88 123 11
111 123 11
86 124 11
87 124 11
112 124 11
85 125 11
113 125 11
116 125 11
117 125 11
118 125 11
83 126 11
84 126 11
114 126 11
115 126 11
119 126 11
82 127 11
83 127 11
119 127 11
120 127 11
81 128 11
121 128 11
80 129 11
122 129 11
79 130 11
123 130 11
78 131 11
124 131 11
77 132 11
78 132 11
124 132 11
76 133 11
77 133 11
124 133 11
76 134 11
125 134 11
75 135 11
125 135 11
74 136 11
125 136 11
126 136 11
73 137 11
125 137 11
126 137 11
73 138 11
125 138 11
126 138 11
72 139 11
74 139 11
123 139 11
124 139 11
72 140 11
123 140 11
72 141 11
73 141 11
74 141 11
123 141 11
124 141 11
125 141 11
72 142 11
73 142 11
124 142 11
72 143 11
124 143 11
72 144 11
124 144 11
125 144 11
71 145 11
126 145 11
71 146 11
126 146 11
72 147 11
126 147 11
73 148 11
126 148 11
74 149 11
127 149 11
74 150 11
127 150 11
75 151 11
128 151 11
74 152 11
129 152 11
73 153 11
129 153 11
73 154 11
129 154 11
73 155 11
74 155 11
129 155 11
130 155 11
132 155 11
133 155 11
134 155 11
74 156 11
130 156 11
131 156 11
135 156 11
75 157 11
136 157 11
76 158 11
77 158 11
137 158 11
78 159 11
79 159 11
138 159 11
80 160 11
81 160 11
137 160 11
81 161 11
82 161 11
137 161 11
81 162 11
82 162 11
83 162 11
84 162 11
137 162 11
82 163 11
83 163 11
84 163 11
136 163 11
83 164 11
84 164 11
85 164 11
136 164 11
83 165 11
84 165 11
85 165 11
86 165 11
136 165 11
83 166 11
85 166 11
135 166 11
84 167 11
135 167 11
85 168 11
86 168 11
133 168 11
134 168 11
87 169 11
122 169 11
123 169 11
124 169 11
125 169 11
126 169 11
130 169 11
131 169 11
132 169 11
88 170 11
89 170 11
122 170 11
123 170 11
124 170 11
127 170 11
128 170 11
129 170 11
90 171 11
121 171 11
91 172 11
120 172 11
121 172 11
91 173 11
117 173 11
118 173 11
119 173 11
90 174 11
107 174 11
108 174 11
116 174 11
90 175 11
104 175 11
105 175 11
106 175 11
108 175 11
115 175 11
90 176 11
103 176 11
108 176 11
114 176 11
90 177 11
104 177 11
109 177 11
114 177 11
90 178 11
91 178 11
103 178 11
110 178 11
111 178 11
113 178 11
114 178 11
91 179 11
92 179 11
93 179 11
94 179 11
95 179 11
96 179 11
102 179 11
112 179 11
97 180 11
101 180 11
97 181 11
99 181 11
100 181 11
98 182 11
99 182 11
93 119 12
94 119 12
92 120 12
95 120 12
96 120 12
91 121 12
97 121 12
98 121 12
99 121 12
100 121 12
101 121 12
102 121 12
103 121 12
90 122 12
104 122 12
105 122 12
106 122 12
107 122 12
110 122 12
111 122 12
89 123 12
108 123 12
109 123 12
111 123 12
87 124 12
88 124 12
112 124 12
86 125 12
113 125 12
85 126 12
114 126 12
115 126 12
116 126 12
117 126 12
118 126 12
119 126 12
83 127 12
84 127 12
119 127 12
120 127 12
82 128 12
120 128 12
81 129 12
121 129 12
80 130 12
122 130 12
79 131 12
123 131 12
78 132 12
123 132 12
77 133 12
124 133 12
76 134 12
124 134 12
75 135 12
124 135 12
74 136 12
125 136 12
73 137 12
124 137 12
73 138 12
123 138 12
124 138 12
72 139 12
121 139 12
122 139 12
72 140 12
121 140 12
122 140 12
72 141 12
121 141 12
122 141 12
71 142 12
122 142 12
123 142 12
71 143 12
122 143 12
123 143 12
71 144 12
122 144 12
123 144 12
71 145 12
123 145 12
124 145 12
125 145 12
71 146 12
124 146 12
125 146 12
72 147 12
124 147 12
125 147 12
72 148 12
125 148 12
73 149 12
125 149 12
126 149 12
73 150 12
125 150 12
126 150 12
74 151 12
126 151 12
127 151 12
72 152 12
73 152 12
127 152 12
128 152 12
72 153 12
128 153 12
73 154 12
128 154 12
73 155 12
128 155 12
74 156 12
129 156 12
130 156 12
131 156 12
132 156 12
133 156 12
134 156 12
75 157 12
132 157 12
134 157 12
135 157 12
75 158 12
76 158 12
77 158 12
136 158 12
78 159 12
79 159 12
137 159 12
80 160 12
81 160 12
137 160 12
82 161 12
137 161 12
83 162 12
84 162 12
137 162 12
85 163 12
136 163 12
85 164 12
86 164 12
136 164 12
86 165 12
136 165 12
85 166 12
136 166 12
84 167 12
133 167 12
135 167 12
84 168 12
85 168 12
86 168 12
123 168 12
124 168 12
125 168 12
126 168 12
130 168 12
131 168 12
132 168 12
134 168 12
87 169 12
89 169 12
122 169 12
127 169 12
128 169 12
129 169 12
88 170 12
90 170 12
121 170 12
91 171 12
120 171 12
91 172 12
120 172 12
121 172 12
90 173 12
107 173 12
108 173 12
109 173 12
117 173 12
118 173 12
119 173 12
90 174 12
104 174 12
105 174 12
106 174 12
109 174 12
116 174 12
89 175 12
103 175 12
109 175 12
115 175 12
89 176 12
102 176 12
109 176 12
112 176 12
113 176 12
114 176 12
90 177 12
103 177 12
110 177 12
111 177 12
113 177 12
90 178 12
102 178 12
112 178 12
91 179 12
92 179 12
93 179 12
94 179 12
95 179 12
96 179 12
101 179 12
97 180 12
101 180 12
98 181 12
100 181 12
99 182 12
93 120 13
94 120 13
95 120 13
92 121 13
96 121 13
97 121 13
98 121 13
91 122 13
99 122 13
100 122 13
101 122 13
102 122 13
103 122 13
104 122 13
111 122 13
90 123 13
105 123 13
106 123 13
107 123 13
108 123 13
109 123 13
110 123 13
111 123 13
89 124 13
112 124 13
87 125 13
88 125 13
113 125 13
116 125 13
117 125 13
118 125 13
86 126 13
114 126 13
115 126 13
119 126 13
85 127 13
119 127 13
120 127 13
83 128 13
84 128 13
121 128 13
82 129 13
122 129 13
81 130 13
122 130 13
80 131 13
122 131 13
79 132 13
123 132 13
76 133 13
78 133 13
79 133 13
123 133 13
76 134 13
77 134 13
78 134 13
124 134 13
75 135 13
124 135 13
75 136 13
125 136 13
74 137 13
124 137 13
74 138 13
123 138 13
73 139 13
121 139 13
122 139 13
72 140 13
121 140 13
72 141 13
121 141 13
71 142 13
122 142 13
71 143 13
122 143 13
71 144 13
122 144 13
71 145 13
123 145 13
71 146 13
124 146 13
71 147 13
124 147 13
72 148 13
125 148 13
73 149 13
125 149 13
73 150 13
125 150 13
73 151 13
126 151 13
73 152 13
127 152 13
73 153 13
128 153 13
73 154 13
128 154 13
74 155 13
128 155 13
75 156 13
129 156 13
130 156 13
131 156 13
132 156 13
76 157 13
133 157 13
134 157 13
135 157 13
76 158 13
77 158 13
136 158 13
78 159 13
79 159 13
137 159 13
80 160 13
81 160 13
137 160 13
82 161 13
137 161 13
83 162 13
84 162 13
137 162 13
85 163 13
136 163 13
85 164 13
86 164 13
136 164 13
85 165 13
136 165 13
84 166 13
136 166 13
84 167 13
123 167 13
134 167 13
135 167 13
85 168 13
86 168 13
122 168 13
123 168 13
124 168 13
130 168 13
131 168 13
132 168 13
133 168 13
87 169 13
88 169 13
119 169 13
120 169 13
121 169 13
125 169 13
126 169 13
127 169 13
128 169 13
129 169 13
89 170 13
120 170 13
90 171 13
121 171 13
90 172 13
117 172 13
118 172 13
121 172 13
90 173 13
116 173 13
119 173 13
120 173 13
121 173 13
90 174 13
104 174 13
105 174 13
106 174 13
107 174 13
108 174 13
109 174 13
115 174 13
90 175 13
102 175 13
103 175 13
109 175 13
112 175 13
113 175 13
114 175 13
90 176 13
102 176 13
110 176 13
111 176 13
91 177 13
102 177 13
111 177 13
112 177 13
91 178 13
92 178 13
95 178 13
96 178 13
101 178 13
93 179 13
94 179 13
97 179 13
101 179 13
98 180 13
100 180 13
99 181 13
93 121 14
94 121 14
95 121 14
96 121 14
92 122 14
97 122 14
98 122 14
99 122 14
100 122 14
101 122 14
91 123 14
102 123 14
103 123 14
104 123 14
105 123 14
109 123 14
110 123 14
111 123 14
90 124 14
105 124 14
106 124 14
107 124 14
108 124 14
112 124 14
88 125 14
89 125 14
113 125 14
117 125 14
118 125 14
87 126 14
114 126 14
115 126 14
116 126 14
119 126 14
86 127 14
120 127 14
84 128 14
85 128 14
121 128 14
83 129 14
121 129 14
82 130 14
122 130 14
81 131 14
122 131 14
80 132 14
123 132 14
79 133 14
80 133 14
123 133 14
78 134 14
79 134 14
124 134 14
76 135 14
77 135 14
124 135 14
76 136 14
124 136 14
75 137 14
124 137 14
74 138 14
123 138 14
73 139 14
122 139 14
73 140 14
121 140 14
72 141 14
121 141 14
72 142 14
122 142 14
72 143 14
123 143 14
71 144 14
123 144 14
71 145 14
124 145 14
125 145 14
71 146 14
125 146 14
72 147 14
125 147 14
72 148 14
125 148 14
73 149 14
125 149 14
73 150 14
125 150 14
74 151 14
126 151 14
74 152 14
127 152 14
74 153 14
128 153 14
74 154 14
128 154 14
130 154 14
74 155 14
128 155 14
129 155 14
130 155 14
131 155 14
132 155 14
75 156 14
132 156 14
133 156 14
76 157 14
134 157 14
135 157 14
76 158 14
77 158 14
136 158 14
78 159 14
79 159 14
137 159 14
80 160 14
81 160 14
137 160 14
82 161 14
137 161 14
83 162 14
84 162 14
137 162 14
85 163 14
136 163 14
85 164 14
136 164 14
85 165 14
136 165 14
84 166 14
136 166 14
84 167 14
122 167 14
123 167 14
135 167 14
136 167 14
85 168 14
86 168 14
120 168 14
121 168 14
123 168 14
130 168 14
131 168 14
132 168 14
133 168 14
134 168 14
87 169 14
88 169 14
119 169 14
124 169 14
125 169 14
126 169 14
127 169 14
128 169 14
129 169 14
89 170 14
119 170 14
90 171 14
120 171 14
90 172 14
121 172 14
89 173 14
116 173 14
117 173 14
118 173 14
121 173 14
90 174 14
115 174 14
119 174 14
120 174 14
91 175 14
92 175 14
104 175 14
105 175 14
106 175 14
107 175 14
108 175 14
109 175 14
110 175 14
112 175 14
113 175 14
114 175 14
91 176 14
102 176 14
103 176 14
111 176 14
92 177 14
96 177 14
97 177 14
101 177 14
92 178 14
95 178 14
97 178 14
101 178 14
93 179 14
94 179 14
98 179 14
100 179 14
99 180 14
